Obj           Name     X     Y     Z         RA       DEC        VRAD   MAJ   MIN       PA     w_RA    w_DEC       w_50       w_20     w_VRAD     F_int     F_tot    F_peak S/Nmax  X1  X2  Y1  Y2  Z1  Z2  Npix Flag  X_av  Y_av  Z_av X_cent Y_cent Z_cent X_peak Y_peak Z_peak
#                                                                  [m/s] [deg] [deg]    [deg] [arcmin] [arcmin]      [m/s]      [m/s]      [m/s]  [Jy m/s] [Jy/beam] [Jy/beam]                                [pix]                                                                 
    1 J055212-291709 117.0  30.4 727.0 05:52:12.8 -29:17:09 8304024.108  0.27  0.01   0.0001     3.58    20.10 207236.008 297689.925 369356.996 25309.725    28.175     0.479  86.13 117 117  28  32 713 741   125    - 117.0  30.2 727.2  117.0   30.4  727.0    117     30    733
    2 J061118-213701  52.6 145.4 162.6 06:11:18.6 -21:37:01  858092.268  0.27  0.26   0.5836    32.39    23.49  86755.433 109588.894 171487.177 30930.380    34.432     0.410  73.83  49  56 142 147 156 169   391    E  52.6 145.1 162.5   52.6  145.4  162.6     53    146    164
    3 J061807-253147  30.5  86.2 113.0 06:18:07.7 -25:31:47  204899.244  0.66  0.29 118.1381    57.40    42.28  27077.148  40198.090  52765.285 16772.813    18.672     0.350  63.07  25  38  81  91 113 117   300   EM  30.3  86.2 114.3   30.5   86.2  113.0     32     87    113
    4 J060108-234005  88.0 115.0 235.6 06:01:08.2 -23:40:05 1821051.677  0.27  0.23  92.7151    39.95    36.09 199530.549 248980.425 303400.390 61494.062    68.456     0.297  53.40  83  92 111 119 225 248   863    -  87.9 114.9 235.8   88.0  115.0  235.6     88    115    231
    5 J060912-215645  59.9 140.6 114.7 06:09:12.7 -21:56:45  227155.070  0.70  0.34 109.9448    81.45    95.06  30600.657  69446.556  92339.249 14544.662    16.191     0.213  38.24  50  69 123 146 113 120   716    M  59.1 137.1 114.7   59.9  140.6  114.7     59    140    114
    6 J055156-220638 119.9 138.0 434.4 05:51:56.8 -22:06:38 4443878.692  0.67  0.08 161.6380    11.48    32.30  20363.094  32968.326  65956.606  1364.590     1.519     0.181  32.64 119 121 134 141 432 437    44    - 119.9 137.8 434.4  119.9  138.0  434.4    121    140    434
    7 J060033-285851  89.8  35.3 202.2 06:00:33.1 -28:58:51 1381103.319  0.29  0.25 135.7100    27.89    32.12 176749.683 194224.120 224252.462 20198.982    22.486     0.173  31.10  87  93  32  39 194 211   429    -  89.8  35.3 202.2   89.8   35.3  202.2     90     36    197
    8 J055507-295654 107.3  20.7 367.6 05:55:07.6 -29:56:54 3562321.385  0.25  0.24  22.8164    19.59    28.32  30302.041  45620.375 105530.570  4945.049     5.505     0.169  30.44 105 109  18  24 363 371   145    - 107.4  20.7 367.4  107.3   20.7  367.6    108     21    367
    9 J060052-214245  88.9 144.2 232.3 06:00:52.8 -21:42:45 1778175.656  0.31  0.24 118.0778    35.95    28.16 102722.665 225005.576 277017.747 27016.340    30.075     0.166  29.78  85  93 141 147 220 241   593    E  89.0 144.2 231.9   88.9  144.2  232.3     89    144    233
   10 J060441-260619  75.9  78.4 233.0 06:04:41.6 -26:06:19 1787800.433  0.27  0.24 126.2921    28.15    27.86 212803.930 229395.941 277017.747 22071.072    24.570     0.155  27.81  73  79  75  81 222 243   521    -  76.0  78.4 233.1   75.9   78.4  233.0     76     78    240
   11 J060606-271846  71.3  60.3 121.2 06:06:06.8 -27:18:46  313147.445  0.82  0.51 100.2881    68.45    55.55  31253.988  46736.572 105530.570 15726.561    17.507     0.150  26.93  65  81  53  66 118 126   484    -  71.1  60.3 121.3   71.3   60.3  121.2     72     61    121
   12 J055200-231120 119.4 121.8 297.0 05:52:00.5 -23:11:20 2630971.349  0.18  0.13   1.0938     7.73    16.17  20129.907  83754.805  92339.249   911.920     1.015     0.134  24.07 119 120 120 123 294 301    36    - 119.5 121.9 297.1  119.4  121.8  297.0    119    121    297
   13 J061617-213336  35.2 145.8 299.8 06:16:17.7 -21:33:36 2668484.169  0.29  0.04  91.7592    20.21     7.47 140814.835 245353.299 263826.426  4665.859     5.194     0.127  22.86  33  37 145 146 292 312   114    E  35.2 145.8 300.5   35.2  145.8  299.8     34    146    297
   14 J060144-250030  85.9  94.9 117.9 06:01:44.2 -25:00:30  268791.587  0.50  0.29  71.0864    27.99    24.02  24668.827  43625.067  79147.928  4491.940     5.001     0.124  22.31  83  89  92  97 115 121   138    -  85.8  95.0 117.8   85.9   94.9  117.9     85     95    118
   15 J055157-285058 118.0  37.0  73.0 05:51:57.0 -28:50:58 -323195.224  0.52  0.01   0.0000     3.32    32.11  24663.333  60133.674  65956.606  1089.128     1.212     0.123  22.20 118 118  34  41  69  74    32    M 118.0  37.3  72.3  118.0   37.0   73.0    118     36     73
   16 J060217-254628  84.0  83.4 118.5 06:02:17.0 -25:46:28  276459.586  0.27  0.17 162.9135    20.01    23.99  28553.198 143697.564 145104.534  3037.978     3.382     0.118  21.22  82  86  81  86 116 127    99    -  84.1  83.6 118.9   84.0   83.4  118.5     84     83    118
   17 J061721-263307  33.5  71.0 115.6 06:17:21.1 -26:33:07  239176.430  1.04  0.25  72.6090    65.13    34.10  28836.932  41079.507  79147.928  8523.644     9.489     0.117  21.11  26  41  68  76 113 119   264   EM  34.2  70.8 115.6   33.5   71.0  115.6     35     70    115
   18 J055850-252550  95.7  88.5 230.7 05:58:50.2 -25:25:50 1757082.545  0.27  0.26 155.2576    35.87    24.20 239212.395 273657.490 303400.390 16371.134    18.225     0.115  20.78  91  99  86  91 219 242   467    -  95.7  88.4 230.3   95.7   88.5  230.7     96     89    237
   19 J060505-244724  74.5  98.1 116.5 06:05:05.6 -24:47:24  250679.385  0.29  0.22  36.9122    16.16    27.91  23638.896  79743.770 105530.570  2929.307     3.261     0.109  19.57  73  76  95 101 113 121   103    M  74.5  98.0 116.8   74.5   98.1  116.5     74     98    116
   20 J055343-272429 112.5  58.7 296.6 05:53:43.5 -27:24:29 2625660.281  0.25  0.19  28.1868    11.74    16.19  62899.243  75080.101  79147.928   901.722     1.004     0.108  19.35 111 113  57  60 293 299    33    - 112.6  58.6 296.4  112.5   58.7  296.6    113     57    297
   21 J061901-271702  28.3  59.8 115.1 06:19:01.3 -27:17:02  232199.941  0.31  0.22 134.4052    20.83    23.35  20559.182  39859.757  52765.285  1753.549     1.952     0.107  19.24  27  31  58  63 113 117    61    M  28.3  59.9 114.9   28.3   59.8  115.1     29     60    115
   22 J060012-222737  91.2 133.0 295.3 06:00:12.7 -22:27:37 2609312.430  0.29  0.16 176.6842    11.91    28.10  17850.052  59718.909 105530.570  1252.848     1.395     0.106  19.02  90  92 131 137 291 299    55    -  91.1 133.3 295.4   91.2  133.0  295.3     92    132    295
   23 J061205-275223  51.5  51.6 296.2 06:12:05.8 -27:52:23 2621349.189  0.28  0.14 177.6443    12.67    31.78  15991.800 135029.446 158295.855  1133.101     1.261     0.104  18.80  51  53  47  54 288 300    48    -  51.6  51.4 295.9   51.5   51.6  296.2     51     52    297
   24 J061132-283627  53.6  40.6 296.2 06:11:32.7 -28:36:27 2620504.603  0.34  0.13   6.9192     8.49    23.88  54139.208  64708.715  92339.249  1025.526     1.142     0.103  18.47  53  54  37  42 292 299    37    -  53.6  40.5 296.0   53.6   40.6  296.2     54     39    297
   25 J061212-214925  49.5 142.2 271.2 06:12:12.3 -21:49:25 2291787.166  0.25  0.22 158.6347    24.41    23.59 403056.418 443457.060 448504.924 20904.086    23.271     0.101  18.14  47  52 140 145 255 289   604    -  49.5 142.2 271.8   49.5  142.2  271.2     50    142    259
   26 J060727-260051  66.6  79.7 116.2 06:07:27.8 -26:00:51  246785.856  1.28  0.48  87.9484    76.34    39.31  56320.612  81330.521 105530.570  7962.741     8.864     0.100  18.03  60  78  76  85 113 121   274    M  66.6  79.8 116.2   66.6   79.7  116.2     62     82    115
   27 J054819-280742 130.2  47.5 425.6 05:48:19.7 -28:07:42 4327935.721  0.35  0.13 171.8390    11.11    32.32  25331.801  55940.739  79147.928  1419.639     1.580     0.097  17.37 129 131  45  52 423 429    51    - 130.3  47.6 425.8  130.2   47.5  425.6    130     47    425
   28 J061707-272406  34.7  58.2 227.1 06:17:07.2 -27:24:06 1709077.013  0.25  0.22 111.7294    20.75    23.42 303936.365 324612.650 356165.675 12420.687    13.827     0.093  16.71  33  37  56  61 212 239   372    -  34.7  58.2 226.7   34.7   58.2  227.1     35     58    236
   29 J061917-262438  27.0  72.9 296.8 06:19:17.4 -26:24:38 2629088.543  0.22  0.10 157.9486    16.55    15.47  56292.606  86414.334  79147.928  1248.352     1.390     0.091  16.38  26  29  72  75 294 300    39    E  27.0  72.9 296.9   27.0   72.9  296.8     27     73    298
   30 J054611-214708 140.0 142.3 114.8 05:46:11.3 -21:47:08  227536.301  0.67  0.24 127.5213    39.26    33.28  32397.950  52282.318  65956.606  4185.226     4.659     0.090  16.16 135 144 138 145 113 118   141    M 139.8 142.2 114.8  140.0  142.3  114.8    141    144    115
   31 J055658-225852 102.4 125.2 734.5 05:56:58.2 -22:58:52 8402302.028  0.74  0.12   8.1248    15.62    44.21 348578.444 444845.347 342974.354  4550.937     5.066     0.078  14.08 101 104 120 130 722 748   186    - 102.3 125.3 734.7  102.4  125.2  734.5    103    122    734
   32 J055050-285300 121.6  36.4 299.0 05:50:50.3 -28:53:00 2657893.834  0.37  0.07  10.7323    11.36    28.28 114101.674 128050.199 145104.534   853.253     0.950     0.078  13.97 120 122  34  40 295 306    31    - 121.5  36.5 299.3  121.6   36.4  299.0    122     35    297
   33 J061727-251515  32.6  90.4 270.2 06:17:27.5 -25:15:15 2278541.498  0.27  0.20 127.9781    16.48    15.52  39079.701  52234.166  65956.606  1526.775     1.700     0.075  13.53  31  34  89  92 267 272    48    -  32.6  90.4 269.9   32.6   90.4  270.2     33     89    271
   34 J061205-244635  50.7  98.0 113.6 06:12:05.2 -24:46:35  212397.964  0.86  0.28  75.5570    69.99    90.51  78422.324  80801.939  26382.643   910.823     1.014     0.075  13.42  38  54  87 109 113 115   146   NM  47.6  98.1 113.3   50.7   98.0  113.6     48     98    113
   35 J054752-244939 133.0  96.9 118.7 05:47:52.7 -24:49:39  279135.651  0.44  0.18  97.5107    27.52    20.75  33474.828  60498.989 105530.570  2668.100     2.970     0.074  13.31 130 136  95  99 115 123   101    - 132.9  96.9 118.6  133.0   96.9  118.7    132     97    119
   36 J061940-291905  27.3  29.3 112.9 06:19:40.1 -29:19:05  203425.144  0.39  0.12   3.4204     8.92    23.75  37720.589  44694.333  26382.643   427.558     0.476     0.071  12.76  27  28  27  32 113 115    19   EM  27.3  29.4 113.7   27.3   29.3  112.9     27     29    113
   37 J061529-223457  38.3 130.6 252.7 06:15:29.0 -22:34:57 2046553.305  0.25  0.20 175.8771    20.48    19.51 124697.011 158877.070 158295.855  4516.284     5.028     0.070  12.54  36  40 129 133 246 258   160    -  38.5 130.7 252.4   38.3  130.6  252.7     37    131    255
   38 J061523-263433  40.1  70.8 232.7 06:15:23.0 -26:34:33 1782994.586  0.27  0.20  20.0931    20.65    23.48  73147.358  91060.489  79147.928  3422.551     3.810     0.068  12.32  38  42  68  73 230 236   106    -  40.3  70.8 232.8   40.1   70.8  232.7     40     71    231
   39 J060904-214126  60.4 144.4 228.8 06:09:04.2 -21:41:26 1732063.599  0.29  0.18 135.3235    20.24    19.78 119089.380 133971.634 145104.534  3429.898     3.818     0.068  12.21  58  62 142 146 223 234   123    -  60.4 144.4 228.9   60.4  144.4  228.8     61    145    225
   40 J060702-225712  67.6 125.6 726.9 06:07:02.8 -22:57:12 8302847.001  0.48  0.07  14.6181    12.41    47.95 308324.391 341924.796 303400.390  3194.132     3.556     0.066  11.88  67  69 120 131 715 738   138    -  67.6 125.8 727.1   67.6  125.6  726.9     68    123    736
   41 J061604-264616  37.9  67.8 554.0 06:16:04.8 -26:46:16 6021113.144  0.24  0.16  40.9038    16.69    23.56 433774.122 462118.121 461696.245  4990.557     5.556     0.064  11.55  36  39  65  70 544 579   210    -  37.9  67.9 554.7   37.9   67.8  554.0     39     68    547
   42 J061820-234427  29.0 113.0 117.2 06:18:20.4 -23:44:27  259336.089  0.31  0.18 150.4249    24.62    19.25  38356.938  70330.677  79147.928  1795.219     1.998     0.064  11.55  26  31 111 115 115 121    66    -  29.2 113.0 117.5   29.0  113.0  117.2     30    114    115
   43 J060744-232814  65.2 117.8 264.8 06:07:44.7 -23:28:14 2207035.503  0.21  0.18 138.2530    20.20    19.80 190419.532 220000.551 224252.462  4251.679     4.733     0.064  11.44  63  67 116 120 256 273   162    -  65.2 117.7 264.7   65.2  117.8  264.8     65    118    270
   44 J055800-231100  98.8 122.2 238.0 05:58:00.5 -23:11:00 1853025.374  0.23  0.15 145.5259    19.90    16.17 186140.424 222947.387 197869.819  2986.768     3.325     0.064  11.44  97 101 120 123 231 246   122    -  98.7 122.1 238.0   98.8  122.2  238.0     99    123    243
   45 J061503-225324  39.9 126.1 113.5 06:15:03.1 -22:53:24  210733.248  0.74  0.20  92.4998    52.60    22.73  55645.574  60198.687  26382.643   676.373     0.753     0.064  11.44  34  46 123 128 113 115    83    M  41.7 125.6 113.7   39.9  126.1  113.5     37    126    113
   46 J055849-263907  95.7  70.2 223.2 05:58:49.3 -26:39:07 1658056.655  0.23  0.19 128.0279    15.88    20.10 128852.596 149548.487 145104.534  3421.345     3.809     0.063  11.33  94  97  68  72 218 229   115    -  95.7  70.2 223.2   95.7   70.2  223.2     96     70    221
   47 J060641-275419  69.5  51.4 208.6 06:06:41.3 -27:54:19 1465896.043  0.34  0.26 159.7188    32.28    27.73 117925.895 261960.034 250635.105  4502.467     5.012     0.062  11.22  66  73  48  54 200 219   194    -  69.5  51.3 208.7   69.5   51.4  208.6     68     51    206
   48 J060341-262415  79.3  73.9 120.5 06:03:41.3 -26:24:15  303656.320  0.22  0.12 165.2535     8.06    19.98  53917.369  68562.064  79147.928   819.478     0.912     0.062  11.22  79  80  72  76 118 124    33    -  79.3  73.9 120.8   79.3   73.9  120.5     79     73    121
   49 J061739-230542  31.1 122.7 256.4 06:17:39.0 -23:05:42 2096388.304  0.25  0.18 164.7870    20.57    19.42 115760.409 150170.259 158295.855  3268.371     3.638     0.062  11.22  29  33 121 125 249 261   125    -  31.0 122.8 256.0   31.1  122.7  256.4     31    122    257
   50 J061211-233204  50.0 116.6 217.7 06:12:11.0 -23:32:04 1585696.614  0.30  0.14  26.9605    12.29    15.78  87913.717 117771.368 118721.892  1195.826     1.331     0.062  11.22  49  51 115 118 213 222    50    -  50.0 116.6 217.7   50.0  116.6  217.7     50    117    216
   51 J060900-275024  61.8  52.2 322.4 06:09:00.4 -27:50:24 2966680.170  0.22  0.17 150.3425    16.36    23.79 217797.483 264972.078 224252.462  3413.120     3.800     0.062  11.11  60  63  49  54 316 333   150    -  61.8  52.3 322.8   61.8   52.2  322.4     62     52    318
   52 J061911-224913  25.7 126.7 725.6 06:19:11.2 -22:49:13 8285417.453  0.30  0.11   2.6356     8.83    27.77 290925.363 373192.091 329783.032  3855.482     4.292     0.059  10.67  25  26 124 130 713 738   144    -  25.7 126.8 726.0   25.7  126.7  725.6     26    127    724
   53 J061750-231616  30.5 120.1 423.7 06:17:50.4 -23:16:16 4302393.639  0.29  0.01  26.6954     8.45    15.77 168678.169 208097.470 184678.498   530.089     0.590     0.057  10.23  30  31 118 121 418 432    24    -  30.5 120.0 423.9   30.5  120.1  423.7     30    121    422
   54 J055848-232123  96.0 119.6 531.1 05:58:48.9 -23:21:23 5720128.962  0.26  0.18 158.3212    15.79    36.14 134025.030 205373.543 197869.819  3003.875     3.344     0.051   9.13  95  98 116 124 525 540   118    -  96.0 119.7 531.1   96.0  119.6  531.1     96    118    531
   55 J055312-260934 114.6  77.4  45.7 05:53:12.4 -26:09:34 -683900.246  0.17  0.11  34.5683    11.80    12.20  96225.841 111140.586  92339.249   672.206     0.748     0.047   8.36 114 116  76  78  42  49    30    - 114.6  77.4  45.7  114.6   77.4   45.7    114     78     44
   56 J061447-254842  41.8  82.3 542.3 06:14:47.8 -25:48:42 5867070.008  0.31  0.20 144.6297    20.60    23.51 181976.294 211983.055 158295.855  2074.519     2.309     0.045   8.14  40  44  80  85 536 548    93    -  41.8  82.3 542.3   41.8   82.3  542.3     43     82    544
